-90.651901	176.147034	-104.264076	198.80426	-120.045334	226.679688	-138.459763	258.456665	-160.196732	300.925964	-199.768524	370.091492	-276.371796	502.202759	-388.391174	729.608276	-665.4198	1227.938965	-1767.18811	3447.755859
-99.496178	191.036972	-114.801628	218.607849	-132.700241	250.285706	-153.822906	286.861511	-179.121033	335.878723	-239.239288	441.313507	-330.892273	589.148315	-463.899139	829.099243	-831.20813	1416.873169	-2372.774658	4726.424805
-106.954918	205.155472	-123.387733	234.773102	-142.56398	268.747345	-165.111053	307.851379	-193.951324	366.740814	-262.737457	483.794556	-357.703217	637.030151	-490.19519	834.344482	-826.330994	1352.990479	-1916.105591	3446.057373
-112.702309	216.035583	-129.667587	246.610413	-149.295807	281.383148	-172.114105	320.945404	-202.756851	382.394165	-271.20993	498.626282	-363.63147	647.239685	-489.468262	833.231079	-670.682983	1300.283936	-2336.403809	4750.609375
-116.637413	223.470184	-133.634827	254.079346	-153.085556	288.498474	-175.40361	327.119202	-201.32579	378.754028	-266.865814	489.603333	-354.662933	630.05072	-473.473816	804.311462	-664.911682	1201.440918	-1677.536011	3257.469727
-118.844666	227.604416	-135.526291	257.603149	-154.415634	290.962158	-175.840775	327.924713	-200.264618	368.741699	-249.548859	456.792542	-331.058807	586.458252	-443.02533	787.90564	-747.122437	1276.758789	-2304.816162	4767.4375
-119.509476	228.779785	-135.676224	257.798584	-153.825348	289.768494	-174.230682	324.843201	-197.297073	363.185059	-223.710358	412.992065	-286.322998	544.633545	-399.378418	759.891174	-741.564697	1265.321045	-2384.832031	3868.573242
-118.838081	227.383682	-134.405197	255.266632	-151.774292	285.777161	-171.188354	319.022064	-193.02124	355.124084	-217.926056	394.263672	-247.198074	457.378723	-313.621368	656.836548	-583.976563	1202.086426	-2277.284424	4776.978516
-116.995575	223.730453	-131.950607	250.457764	-148.579346	279.587402	-167.1091	311.206726	-187.897171	345.423645	-211.576111	382.409058	-240.118774	431.338806	-358.005096	630.803162	-647.4823	1157.2146	-2449.032715	3963.975098
-114.062752	217.979584	-128.424896	243.591888	-144.384827	271.479675	-162.165039	301.72998	-182.115295	334.450592	-204.853424	370.024231	-269.931061	486.427673	-370.819244	686.331665	-686.476074	1259.806396	-2256.335205	4785.661133
-110.01342	210.09259	-123.793953	234.617538	-139.147354	261.38678	-156.30307	290.507355	-175.613815	323.894073	-223.708755	405.750793	-292.312408	512.407898	-384.537231	660.223816	-682.190063	1167.745361	-2493.949707	3943.210449
-104.701065	202.38324	-117.855476	223.175476	-132.602875	248.838379	-149.198212	276.959137	-178.986649	333.355713	-230.854172	418.850311	-298.17215	523.181458	-387.212494	735.994019	-552.706787	1164.763184	-2237.029785	4784.521973
-97.877243	194.785706	-110.241898	210.481079	-124.241074	232.923767	-140.183838	265.120728	-178.086151	331.362244	-228.914536	414.970245	-294.704712	516.650085	-381.602142	638.259033	-627.837585	1118.695557	-2529.697021	4009.442871
-89.272408	185.550522	-100.493561	199.963409	-113.340584	216.359665	-131.605255	249.877609	-169.119827	314.214966	-218.056412	394.503967	-282.222961	499.966217	-368.107239	671.10083	-654.784912	1247.89502	-2223.010986	4781.646973
-84.88533	180.720093	-89.199623	188.134186	-99.258644	201.643463	-116.585838	228.66008	-149.777466	294.366211	-193.984467	382.227844	-253.831604	501.693054	-360.41806	692.235718	-653.162537	1116.902832	-2547.69165	3970.30127
-84.672394	180.278778	-88.939735	187.600281	-93.534805	195.596573	-98.579819	206.663849	-118.09922	252.035126	-150.634033	317.670959	-195.01712	414.374756	-283.664581	637.785034	-539.55011	1154.605957	-2209.603271	4767.402344
-84.672394	180.278778	-88.939735	187.600281	-93.534805	195.596573	-108.084038	214.019653	-133.935898	244.415375	-167.036911	291.826996	-219.35762	389.611572	-354.120483	593.782349	-615.055786	1097.228271	-2557.799316	4023.782715
-84.88533	180.720093	-89.199623	188.134186	-99.258644	201.643463	-116.585838	222.897079	-149.777466	278.102203	-193.984467	350.356873	-253.831604	459.41687	-360.41806	656.037476	-653.162537	1235.000854	-2199.168945	4746.860352
-89.272408	185.550522	-100.493561	199.963409	-113.340584	216.359665	-131.605255	249.877609	-169.119827	314.214966	-218.056412	394.503967	-282.222961	493.498047	-368.107239	640.001587	-654.784912	1080.919922	-2558.635986	3955.228516
-97.877243	194.785706	-110.241898	210.481079	-124.241074	232.923767	-140.183838	265.120728	-178.086151	331.362244	-228.914536	414.970245	-294.704712	516.650085	-381.602142	740.271118	-544.267517	1172.105103	-1513.29834	4042.995361
-104.701065	202.38324	-117.855476	223.175476	-132.602875	248.838379	-149.198212	276.959137	-178.986649	333.355713	-230.854172	418.850311	-298.17215	523.181458	-387.212494	648.302246	-612.056396	908.934082	-2547.492188	3250.733887
-110.01342	210.09259	-123.793953	234.617538	-139.147354	261.38678	-156.30307	290.507355	-175.613815	323.894073	-223.708755	405.750793	-292.312408	512.407898	-384.537231	677.427551	-682.190063	1218.620605	-1652.305054	4146.254883
-114.062752	217.979584	-128.424896	243.591888	-144.384827	271.479675	-162.165039	301.72998	-182.115295	334.450592	-204.853424	395.396698	-269.931061	526.361206	-370.819244	721.270264	-686.476074	1183.057617	-2529.326172	3890.266113
-116.995575	223.730453	-131.950607	250.457764	-148.579346	279.587402	-167.1091	311.206726	-187.897171	345.423645	-211.576111	398.405457	-239.407013	479.525787	-295.2453	653.250366	-567.234619	1214.716919	-1553.113525	4002.14624
-118.838081	227.383682	-134.405197	255.266632	-151.774292	285.777161	-171.188354	319.022064	-193.02124	355.124084	-217.926056	394.263672	-247.198074	436.762329	-343.215179	591.186462	-618.109924	995.951782	-2499.694092	3333.092773
-119.509476	228.779785	-135.676224	257.798584	-153.825348	289.768494	-174.230682	324.843201	-197.297073	363.185059	-223.710358	405.003235	-286.322998	506.596619	-399.378418	719.685791	-741.564697	1235.422119	-1748.780762	4133.612793
-118.844666	227.604416	-135.526291	257.603149	-154.415634	290.962158	-175.840775	327.924713	-200.264618	368.741699	-249.548859	456.792542	-331.058807	586.458252	-443.02533	749.708008	-747.122437	1233.033813	-2462.621582	3428.375
-116.637413	223.470184	-133.634827	254.079346	-153.085556	288.498474	-175.40361	327.119202	-201.32579	378.754028	-266.865814	489.603333	-354.662933	630.05072	-473.473816	818.285706	-644.552002	1309.463623	-1632.530151	3310.066162
-112.702309	216.035583	-129.667587	246.610413	-149.295807	281.383148	-172.114105	320.945404	-202.756851	382.394165	-271.20993	498.626282	-363.63147	647.239685	-489.468262	833.231079	-670.682983	1061.366699	-2414.205811	3065.590088
-106.954918	205.155472	-123.387733	234.773102	-142.56398	268.747345	-165.111053	309.496887	-193.951324	366.740814	-262.737457	483.794556	-357.703217	637.030151	-490.19519	834.344482	-826.330994	1316.838257	-1916.105591	3318.56543
-99.496178	191.036972	-114.801628	220.683823	-132.700241	256.385925	-153.822906	298.775513	-179.121033	349.80304	-239.239288	441.711243	-330.892273	591.516479	-463.899139	855.265381	-831.20813	1437.57666	-2372.774658	3486.309082
-90.651901	181.303802	-104.264069	208.528137	-120.045334	240.090668	-138.459763	276.919525	-160.196732	320.393463	-199.768524	399.537048	-276.371796	552.743591	-388.391174	776.782349	-665.419739	1330.8396	-1767.18811	3534.376221
-99.496178	191.036972	-114.80162	218.607849	-132.700226	250.285675	-153.822906	286.861511	-179.121017	335.878693	-239.239319	441.313538	-330.892242	589.148315	-463.899139	829.099243	-831.20813	1416.873169	-2372.774658	4726.424805
-101.321762	197.328705	-118.598839	220.605576	-139.306061	252.244614	-164.416992	303.649048	-195.41069	367.519836	-234.712326	448.726837	-335.415375	605.466675	-503.527283	940.380249	-771.466675	1485.896851	-1565.41272	3085.064697
-110.40963	211.294449	-129.306839	236.914551	-151.947052	268.886169	-179.363815	324.722565	-213.076355	394.16333	-262.076721	488.651703	-377.826965	663.512939	-550.854065	935.783142	-809.223877	1455.619995	-2431.757324	4748.441895
-117.640648	222.317719	-137.427643	249.181671	-160.947021	281.173645	-189.128967	331.622925	-223.286209	401.739136	-278.703979	502.735809	-393.288574	675.744751	-559.093689	976.96167	-799.191284	1602.939819	-1552.628296	3435.375977
-122.807709	230.126556	-142.83078	257.254028	-166.36998	289.194611	-194.206345	327.114044	-227.424133	390.771423	-280.696899	487.453369	-390.543182	653.341858	-547.228149	883.41626	-814.347473	1261.018066	-2480.523926	4767.4375
-125.957077	234.843811	-145.739548	261.523438	-168.74437	292.586823	-195.62738	329.017578	-227.309647	372.215454	-268.832336	462.393951	-372.038727	651.104614	-519.806396	932.410461	-732.689514	1359.636475	-1561.307251	2966.80835
-127.29052	236.839859	-146.545837	262.648193	-168.737015	292.4216	-194.434402	327.020508	-224.458542	391.617401	-260.089905	489.826874	-330.855133	652.004761	-465.673553	922.527344	-668.277832	1329.741455	-2517.586182	4779.146484
-127.057091	236.571533	-145.651016	261.316101	-166.941238	289.674713	-191.444412	322.431458	-219.920135	375.457397	-253.57399	457.340759	-294.445618	565.330933	-351.11438	784.047485	-512.844971	1296.679932	-1435.788208	3829.041992
-125.470459	234.462341	-143.368881	258.104614	-163.784088	285.09436	-187.200333	316.169617	-214.338165	352.440063	-246.349548	395.681091	-286.941437	490.381287	-447.760162	750.36853	-787.031799	1252.786865	-2544.912354	4785.661133
-122.648453	230.818344	-139.865891	253.40097	-159.482574	279.147949	-181.965088	308.77124	-208.00885	343.343384	-238.724045	402.642517	-320.420624	567.367004	-441.205414	814.026611	-618.382202	1182.878784	-1555.138916	4012.171631
-118.577347	225.784622	-135.127304	247.366623	-154.019547	272.007751	-175.718018	300.41153	-200.906738	335.693024	-233.413528	399.670166	-319.789703	538.825012	-440.987335	780.264038	-614.719788	1156.733276	-2561.953125	4784.521973
-113.09137	219.32373	-128.92807	239.913147	-147.105118	263.524841	-168.10582	297.721924	-192.626953	347.856506	-243.131439	430.005798	-328.202454	591.307617	-445.388458	884.638672	-611.775757	1376.775757	-1363.971313	3867.145508
-105.88121	211.226074	-120.819191	230.694153	-138.124512	254.727386	-158.334656	295.729218	-182.207779	344.676941	-242.602219	435.623535	-325.815704	556.669617	-446.19693	725.156372	-765.395691	1161.948486	-2571.146729	4779.478516
-96.581116	201.200195	-110.197655	219.181198	-126.151497	241.905426	-145.066956	280.289978	-173.691727	332.492706	-232.582886	425.6138	-313.836975	581.534668	-426.347198	803.472717	-587.686523	1160.154053	-1551.490601	4093.38623
-92.390709	196.497681	-97.936958	206.29866	-110.267021	223.513367	-126.648613	259.261078	-154.391739	328.181091	-207.991638	437.998596	-284.156067	591.841187	-393.528564	809.821533	-601.118347	1176.057129	-2570.826904	4767.402344
-92.144531	195.987427	-97.634819	205.677917	-103.732048	216.60025	-110.659378	237.747711	-120.759003	280.601959	-160.368546	363.006836	-217.306046	487.044373	-303.016113	745.66272	-447.377686	1205.057617	-1323.210693	3883.603027
-92.144531	195.987427	-97.634819	205.677917	-103.732048	216.60025	-127.088341	245.633636	-159.842957	285.262512	-202.638275	340.897675	-269.738312	463.122925	-442.646606	725.89801	-757.679932	1190.985352	-2560.392334	4746.860352
-92.390709	196.497681	-97.936958	206.29866	-110.267021	223.513367	-132.612457	251.601288	-173.789352	305.19458	-230.006973	388.983704	-307.68512	542.784546	-416.292938	766.778748	-574.938721	1176.057129	-1544.026489	4114.853516
-96.581116	201.200195	-110.197655	219.181198	-126.151497	240.139938	-145.066956	265.844727	-173.691727	319.484192	-232.582886	409.115082	-313.836975	528.784729	-426.347198	745.855164	-587.686523	1139.041504	-2541.895752	4093.38623
-105.88121	211.226074	-120.819191	230.694153	-138.124512	253.186798	-158.334656	281.595154	-182.207779	331.89679	-242.602219	424.50769	-325.815704	596.43457	-439.99823	886.19519	-602.289795	1367.685547	-1297.221191	3868.36792
-113.09137	219.32373	-128.92807	239.913147	-147.105118	263.524841	-168.10582	290.87735	-192.626953	335.966553	-243.131439	419.626556	-328.202454	546.12915	-445.388458	716.111877	-765	1107.439697	-2503.174316	3299.802734
-118.577347	225.784622	-135.127304	247.366623	-154.019547	272.007751	-175.718018	300.41153	-200.906738	334.430115	-233.413528	420.062592	-319.789703	584.993896	-440.987335	823.75531	-614.719788	1210.841064	-1535.410278	4097.363281
-122.648453	230.818344	-139.865891	253.40097	-159.482574	279.147949	-181.965088	313.625488	-208.00885	383.208984	-238.724045	474.303925	-290.48175	610.902344	-412.041931	853.247314	-594.473877	1212.856079	-2457.032715	4012.171631
-125.470459	234.462341	-143.368881	258.104614	-163.784088	285.09436	-187.200333	322.284943	-214.338165	386.678741	-246.349548	467.604919	-285.184784	572.126221	-334.283417	782.043579	-478.028656	1265.060425	-1277.764771	3822.677246
-127.057091	236.571533	-145.651016	261.316101	-166.941238	289.674713	-191.444412	322.431458	-219.920135	361.152771	-253.57399	422.088623	-294.445618	500.933777	-432.933075	743.96814	-783.835022	1267.217896	-2393.253662	3758.510498
-127.29052	236.839859	-146.545837	262.648193	-168.737015	292.4216	-194.434402	327.020508	-224.458542	367.698364	-260.089905	416.418945	-330.855133	572.49939	-465.673553	848.422607	-668.277832	1271.165527	-1524.440552	4042.026855
-125.957077	234.843811	-145.739548	261.523438	-168.74437	292.586823	-195.62738	329.017578	-227.309647	372.215454	-268.832336	448.765442	-372.038727	602.845337	-519.806396	853.876953	-732.689514	1296.173706	-1473.415039	3034.722168
-122.807709	230.126556	-142.83078	257.254028	-166.36998	289.194611	-194.206345	336.899078	-227.424133	402.978455	-280.696899	498.245544	-390.543182	662.3797	-547.228149	987.527649	-771.712463	1586.059937	-1277.282227	3757.806152
-117.640648	222.317719	-137.427643	249.181671	-160.947021	293.549866	-189.128967	349.404968	-223.286209	418.15155	-278.703979	517.279785	-393.288574	687.949219	-559.093689	927.324829	-803.748535	1271.957642	-1882.747803	3305.957275
-110.40963	211.294449	-129.306839	246.808014	-151.947052	291.734863	-179.363815	346.529144	-213.076355	414.321686	-262.076721	506.541534	-377.826965	678.545044	-550.854065	955.664429	-809.223877	1472.972046	-1609.52124	4041.278564
-101.321754	202.643524	-118.598831	237.197662	-139.306061	278.612122	-164.416977	328.833984	-195.41069	390.821381	-234.712326	469.424622	-335.415375	670.83075	-503.527283	1007.054565	-771.466614	1542.93335	-1565.412598	3130.825195
-91.540794	191.036972	-105.882187	220.683807	-123.685677	256.385895	-144.952606	298.775513	-170.682022	349.80304	-202.47197	441.711304	-260.624237	591.516479	-391.366241	855.265381	-606.36853	1437.57666	-1292.620361	3665.39502
-106.954926	205.155487	-123.387726	234.773087	-142.56398	268.747345	-165.111053	307.851379	-193.951309	366.740784	-262.737457	483.794556	-357.703217	637.030151	-490.19516	834.344482	-826.330994	1352.990479	-1916.105713	3446.057373
-110.409645	211.294464	-129.306839	236.914551	-151.947067	268.8862	-179.3638	324.722534	-213.07637	394.16333	-262.076721	488.651703	-377.826965	663.512939	-550.854065	935.783142	-809.223877	1455.619995	-2431.757324	4748.441895
-109.70105	216.369415	-130.098358	244.421539	-154.916718	278.924255	-185.378769	340.745392	-223.175934	418.134827	-270.691803	515.93811	-331.259766	640.828918	-465.330658	857.479248	-717.606384	1353.288208	-1218.68457	2635.233643
-118.323402	229.58371	-139.971725	259.393372	-166.100052	295.330872	-197.820328	353.578308	-236.582947	432.73291	-284.270782	531.278198	-343.230072	654.045227	-484.233093	884.624207	-718.189331	1495.973389	-2398.416748	4778.162109
-124.711182	239.246246	-146.823288	269.628174	-173.198746	305.820496	-204.76445	349.659821	-242.677948	426.094971	-288.374817	520.455078	-343.564423	636.678284	-481.429443	850.013123	-796.06134	1256.643066	-1797.571411	3198.478271
-128.842407	245.387115	-150.816437	275.440796	-176.716324	310.810394	-207.304077	352.609253	-243.517685	402.236816	-286.514587	485.873077	-337.678314	625.259033	-464.826355	886.585693	-669.310486	1296.986084	-2368.657227	4796.231445
-130.910583	248.377167	-152.367783	277.541931	-177.404144	311.516235	-206.664154	351.245636	-240.946335	423.287811	-281.248291	532.633179	-328.778625	678.636169	-427.510254	916.822998	-621.105164	1305.413574	-2373.193848	3821.809814
-131.198715	248.739075	-151.950287	276.743378	-175.981476	309.120361	-203.860306	346.708191	-236.298676	411.451172	-274.196594	504.47995	-318.651337	623.387329	-370.850983	794.745605	-493.297394	1257.258667	-2341.799561	4802.802246
-129.965378	246.979431	-149.951294	273.74939	-172.984299	304.550903	-199.58342	340.154236	-230.404068	381.55542	-266.278534	431.024109	-308.219452	504.780548	-443.149872	708.140564	-762.657776	1167.501953	-2427.202393	3745.22168
-127.369637	243.483704	-146.597733	269.055481	-168.710983	298.414429	-194.198456	332.288788	-223.677322	371.620361	-262.741241	422.43573	-351.882935	563.954346	-472.145569	800.297119	-635.935425	1201.348877	-2323.242432	4810.96875
-123.421707	238.454407	-141.909485	262.896851	-163.19043	290.97345	-187.741257	323.391571	-216.157654	362.457336	-249.183014	429.561279	-298.982178	522.599243	-417.144135	731.618896	-583.937805	1080.294189	-2465.187988	3943.311768
-117.948845	231.873184	-135.655807	255.207901	-156.128784	282.105164	-179.856812	322.23645	-207.440384	378.134521	-239.61142	444.663025	-279.353607	539.766724	-389.349518	822.680664	-549.500244	1294.637451	-2309.641113	4816.266602
-110.595459	223.504242	-127.329399	245.605133	-146.841187	275.47879	-169.671814	321.554626	-196.479752	376.11673	-228.048523	440.797729	-278.930328	531.048035	-439.520508	738.169983	-740.484741	1096.851685	-2493.338623	3761.933838
-100.909302	212.984436	-116.205254	233.453156	-134.237854	262.294556	-155.642181	305.522217	-181.221588	357.231812	-211.957764	422.221191	-270.05072	558.325378	-375.227264	772.102173	-552.378174	1139.349365	-2300.105225	4818.33252
-98.863525	210.349518	-105.288979	221.819183	-117.160645	239.464447	-135.757477	282.707764	-158.416122	351.01767	-186.461044	440.16626	-245.909927	581.088745	-348.25296	790.837585	-578.716919	1166.495117	-2508.833008	4010.838379
-98.580528	209.762527	-104.940498	221.102814	-112.007416	233.87291	-119.988983	260.510742	-129.49173	306.310425	-150.420975	373.756378	-187.833893	471.626312	-268.746063	705.225342	-437.50412	1172.564209	-2288.361816	4805.614258
-98.580528	209.762527	-104.940498	221.102814	-112.007416	233.87291	-140.521759	269.025696	-176.81868	313.179626	-223.335403	373.756378	-283.792419	459.42572	-436.479309	688.329956	-735.06012	1130.496582	-2517.252197	3756.377686
-98.863525	210.349518	-105.288979	221.819183	-118.194183	240.497986	-146.950287	275.970612	-192.601547	335.513123	-253.705231	426.797546	-335.178802	545.886414	-442.584625	753.039978	-587.778259	1166.495117	-2278.967285	4787.800293
-100.909302	212.984436	-116.205254	233.453156	-134.237854	257.40155	-155.642181	286.359253	-181.221588	339.760834	-211.957764	404.066345	-288.274658	520.750244	-396.874878	679.65741	-586.971252	1139.349365	-2518.227295	4043.500977
-110.595459	223.504242	-127.329399	245.605133	-146.841187	271.248657	-169.671814	302.647797	-196.479752	358.796509	-228.048523	425.552368	-278.930328	549.80835	-385.890381	825.410889	-541.683228	1282.167969	-2272.095947	4765.43457
-117.948845	231.873184	-135.655807	255.207901	-156.128784	282.105164	-179.856812	313.27832	-207.440384	361.938843	-239.61142	430.344666	-279.353607	513.917664	-433.331116	720.294678	-745.137207	1096.720703	-2506.625732	3303.462891
-123.421707	238.454407	-141.909485	262.896851	-163.19043	290.97345	-187.741257	323.391571	-216.157654	371.857452	-249.183014	464.121582	-287.701019	586.683228	-383.104858	800.249023	-550.643372	1134.581177	-2262.647461	4727.835449
-127.369637	243.483704	-146.597733	269.055481	-168.710983	298.414429	-194.198456	342.997131	-223.677322	420.795715	-257.928131	520.669373	-297.892792	649.775757	-351.829224	823.974792	-565.413513	1201.348877	-2487.726074	4035.393555
-129.965378	246.979431	-149.951294	273.74939	-172.984299	304.550903	-199.58342	347.699524	-230.404068	418.6521	-266.278534	506.232849	-308.219452	615.513184	-357.332703	800.482544	-416.689484	1179.34729	-875.489319	3302.69165
-131.198715	248.739075	-151.950287	276.743378	-175.981476	309.120361	-203.860306	346.708191	-236.298676	390.582306	-274.196594	451.610535	-318.651337	524.753967	-423.894653	717.619751	-763.961243	1225.787109	-2461.002686	3385.260742
-130.910583	248.377167	-152.367783	277.541931	-177.404144	311.516235	-206.664154	351.245636	-240.946335	397.928467	-281.248291	453.091003	-349.857544	554.707275	-489.312744	827.305176	-684.30835	1233.643799	-1448.615967	3821.809814
-128.842407	245.387115	-150.816437	275.440796	-176.716324	310.810394	-207.304077	352.609253	-243.517685	410.341248	-286.514587	495.870178	-337.678314	602.021606	-464.826355	799.557983	-669.310486	1244.754395	-2427.573975	4006.825439
-124.711182	239.246246	-146.823288	269.628174	-173.198746	307.390259	-204.76445	368.706421	-242.677948	443.93573	-288.374817	536.485779	-343.564423	650.298584	-481.429443	923.794312	-698.796265	1494.857666	-1154.734985	2952.306396
-118.323402	229.58371	-139.971725	264.146881	-166.100052	315.56012	-197.820328	378.545471	-236.582947	456.175476	-284.270782	552.389893	-343.230072	672.018555	-484.233093	888.441467	-777.783997	1274.765015	-2398.416748	3246.247314
-109.70105	219.4021	-130.098358	260.196716	-154.916718	309.833435	-185.378769	370.757538	-223.175934	446.351868	-270.691803	541.383606	-331.259766	662.519531	-465.330658	930.661316	-717.606384	1435.212769	-1416.549072	2827.079834
-99.181656	209.591309	-117.501167	246.808014	-139.787827	291.734894	-167.165344	346.529144	-201.245331	414.321716	-244.464828	506.541565	-300.718048	678.545044	-404.810333	955.664429	-663.748169	1472.972046	-2431.757324	4041.278809
-98.200554	205.155487	-111.385361	234.773087	-126.183365	268.747345	-144.385834	309.496887	-172.78949	366.740784	-221.057083	483.794556	-279.326935	637.030151	-344.149292	834.344482	-490.507233	1316.838257	-1010.801697	2926.907471
-112.702309	216.035583	-129.667587	246.610413	-149.295792	281.383118	-172.11412	320.945435	-202.756836	382.394165	-271.20993	498.626282	-363.63147	647.239685	-489.468262	833.231079	-670.682983	1300.284058	-2336.403809	4750.609375
-117.640648	222.317719	-137.427643	249.181671	-160.946991	281.173584	-189.128952	331.622925	-223.286209	401.739136	-278.703949	502.735779	-393.288544	675.744629	-559.093628	976.961609	-799.191345	1602.939941	-1552.628418	3435.376465
-118.323402	229.58371	-139.971725	259.393372	-166.100067	295.330872	-197.820313	353.578308	-236.582962	432.732941	-284.270782	531.278198	-343.230072	654.045227	-484.233124	884.624268	-718.189209	1495.973145	-2398.416504	4778.161621
-113.302498	229.88266	-135.417313	260.782043	-162.360046	298.201355	-195.25914	354.730957	-235.447662	436.525543	-284.392792	537.144104	-343.463257	659.433655	-413.408783	804.862915	-494.68103	1099.612549	-843.453796	2463.478271
-120.722092	241.168182	-143.515656	272.917786	-170.922119	310.864624	-203.852188	356.276184	-243.294495	434.891785	-290.203247	531.328064	-345.258789	646.577881	-408.468292	780.886108	-608.082703	1175.168213	-2443.257813	4791.891602
-125.752304	248.626801	-148.526291	280.176117	-175.543381	317.375702	-207.516846	361.210815	-245.175766	412.709412	-289.161682	499.664307	-339.83316	617.138916	-396.979797	801.875549	-523.57312	1230.321411	-1485.547485	3177.730469
-128.551987	252.594971	-150.849213	283.26532	-176.995819	319.008453	-207.562851	360.609802	-243.115738	428.659698	-284.127075	538.964172	-330.814941	682.139282	-382.929321	866.599487	-555.228638	1239.077637	-2478.737305	4804.970215
-129.411407	253.625427	-150.991058	283.07019	-176.072083	317.080475	-205.132019	356.313599	-238.637115	422.028015	-276.966187	516.644043	-320.26944	633.505859	-368.307861	778.303467	-422.662811	1023.166748	-755.800964	3135.138184
-128.623322	252.295166	-149.398727	280.405151	-173.399078	312.677979	-201.041885	349.691101	-232.730865	392.023071	-268.786469	443.204346	-309.317902	515.0448	-391.391235	670.718872	-586.09259	1109.273071	-2503.051514	4810.96875
-126.385712	249.066193	-146.35643	275.869934	-169.352829	306.54187	-195.754517	341.609497	-225.924393	381.597961	-272.064362	438.863983	-357.597382	560.577332	-468.773132	819.068359	-615.933533	1250.682983	-1431.670044	3863.55957
-122.739273	244.205063	-141.92691	269.781464	-164.017395	299.032959	-189.371964	332.460876	-218.330124	370.558136	-251.144669	435.194061	-308.672302	533.779358	-418.339844	758.87616	-589.233337	1209.28418	-2520.50415	4816.266602
-117.522209	237.73175	-135.897263	262.121948	-157.124542	290.085571	-181.572174	331.003967	-209.582199	387.514404	-241.402802	452.916748	-277.080536	527.546021	-316.470734	650.945557	-362.892944	948.979858	-781.035278	3254.545898
-110.359879	229.413269	-127.74086	252.511414	-147.972672	284.511719	-171.471664	331.91037	-198.635284	386.951782	-229.765869	450.265015	-264.9534	522.031555	-337.750122	635.678955	-596.40564	1095.613892	-2530.847656	4818.33252
-104.348953	222.450333	-116.656029	240.252594	-135.380554	271.73761	-157.427765	316.222626	-183.343414	368.34375	-213.629868	429.058868	-248.608627	536.231628	-288.410126	676.553955	-452.247925	1047.879395	-1391.797119	3892.468262
-103.724907	221.153137	-110.559723	233.336411	-118.02726	246.797302	-137.22113	290.416016	-160.225143	359.604095	-187.923004	447.556824	-221.329071	558.644531	-261.638489	697.394531	-595.726257	1186.413086	-2527.667236	4803.445801
-103.401978	220.482254	-110.162018	232.517792	-117.546768	245.815582	-125.675385	272.16333	-134.676117	317.78775	-153.054871	381.89801	-171.460907	457.758789	-202.409592	563.235046	-252.058578	839.26709	-684.11499	3203.471436
-103.401978	220.482254	-110.162018	232.517792	-117.546768	245.815582	-146.487961	281.43222	-183.111633	325.627258	-228.843124	381.89801	-286.297882	457.758789	-360.82547	618.61499	-587.208496	1081.611816	-2519.356445	4787.799805
-103.724907	221.153137	-110.559723	233.336411	-125.896515	254.666565	-153.19487	288.729065	-199.378952	344.380676	-259.63382	434.418701	-337.31546	547.86792	-435.756012	763.405029	-565.479187	1161.205444	-1357.140503	3884.807617
-104.348953	222.450333	-117.189857	240.786423	-136.35704	266.10907	-158.794861	295.490417	-185.000351	345.730042	-215.429001	409.241791	-287.623016	519.760376	-388.14386	719.174194	-570.169922	1165.80127	-2500.671143	4761.100586
-110.359879	229.413269	-127.74086	252.511414	-147.972672	279.145386	-171.471664	309.862335	-198.635284	362.65564	-229.765869	428.519257	-264.9534	503.615692	-304.102631	641.852783	-350.850067	947.255737	-755.395203	3286.24292
-117.522209	237.73175	-135.897263	262.121948	-157.124542	290.085571	-181.572174	322.125427	-209.582199	364.664246	-241.402802	432.354004	-277.080536	510.051025	-334.474792	615.500732	-586.086914	1095.710449	-2473.510742	4727.835449
-122.739273	244.205063	-141.92691	269.781464	-164.017395	299.032959	-189.371964	332.460876	-218.330124	386.080963	-251.144669	478.447754	-287.871521	596.543823	-328.344269	746.684082	-375.516754	995.567627	-1316.606201	3837.110352
-126.385712	249.066193	-146.35643	275.869934	-169.352829	306.54187	-195.754517	353.686188	-225.924393	432.968262	-260.142151	532.206543	-298.486572	656.083984	-340.766235	809.539368	-510.86142	1145.61084	-2431.889404	4009.797852
-128.623322	252.295166	-149.398727	280.405151	-173.399078	312.677979	-201.041885	354.64801	-232.730865	426.338379	-268.786469	512.834473	-309.317902	617.327393	-354.10907	745.500305	-405.219238	991.311829	-660.833435	3163.88501
-129.411407	253.625427	-150.991058	283.07019	-176.072083	317.080475	-205.132019	356.313599	-238.637115	401.431183	-276.966187	453.829285	-320.26944	523.271118	-409.995575	685.815674	-600.503967	1146.989258	-2379.337158	3893.077637
-128.551987	252.594971	-150.849213	283.26532	-176.995819	319.008453	-207.562851	360.609802	-243.115738	408.866699	-284.127075	464.473694	-351.324371	559.789368	-483.670135	850.485229	-663.082397	1346.931396	-1284.160156	3762.897461
-125.752304	248.626801	-148.526291	280.176117	-175.543381	317.375702	-207.516846	361.210815	-245.175766	429.17749	-289.161682	516.299011	-339.83316	620.331177	-404.895752	786.481812	-597.944641	1304.692871	-1046.685059	2738.868164
-120.722092	241.168182	-143.515656	272.917786	-170.922119	318.921143	-203.852188	383.458649	-243.294495	461.723358	-290.203247	555.9823	-345.258789	667.961426	-408.468292	797.935974	-480.099945	1088.182617	-830.504944	3273.762695
-113.30249	229.882645	-135.417313	270.834625	-162.360031	324.720093	-195.25914	390.51828	-235.447662	470.895325	-284.392792	568.785583	-343.463257	686.926514	-413.408783	826.817566	-604.931519	1209.863037	-1620.024292	3240.048828
-103.611061	221.934464	-124.175171	264.146912	-149.460037	315.56012	-180.725128	378.545441	-219.592529	456.175476	-268.119049	552.389832	-328.788513	672.018555	-404.208374	888.441528	-496.980927	1274.764893	-1243.836792	3642.253418
-92.122528	209.763184	-110.272453	247.700104	-132.602829	293.549805	-160.27597	349.404907	-194.865356	418.15155	-238.575806	517.279785	-294.660645	687.949219	-368.231201	927.324829	-468.209106	1271.957642	-832.653381	2715.401367
-103.333282	216.035583	-116.942818	246.610413	-132.087341	281.383118	-148.831299	320.945435	-179.637314	382.394165	-227.416367	498.626282	-283.608215	647.239685	-343.762817	833.231079	-390.683655	1061.366699	-660.449646	3074.655518
-116.637421	223.4702	-133.634811	254.079346	-153.085556	288.498474	-175.403595	327.119171	-201.325775	378.754028	-266.865814	489.603333	-354.662903	630.050659	-473.473816	804.311462	-664.911682	1201.440918	-1677.536011	3257.469727
-122.807709	230.126556	-142.830765	257.254028	-166.36998	289.194611	-194.20636	327.114075	-227.424133	390.771423	-280.696869	487.453339	-390.543182	653.341858	-547.228088	883.416199	-814.347473	1261.018066	-2480.523926	4767.4375
-124.711174	239.246231	-146.823273	269.628174	-173.198746	305.820496	-204.764435	349.65979	-242.677948	426.094971	-288.374817	520.455078	-343.564453	636.678345	-481.429413	850.013123	-796.06134	1256.643066	-1797.571533	3198.478516
-120.722084	241.168167	-143.515656	272.917786	-170.922089	310.864563	-203.852173	356.276184	-243.294495	434.891815	-290.203217	531.328003	-345.258728	646.577759	-408.468262	780.886108	-608.082764	1175.168335	-2443.258057	4791.891602
-109.504837	234.306564	-131.231705	265.191162	-157.553604	302.133728	-189.360535	346.27594	-227.558258	413.579163	-272.906647	506.424255	-325.739288	616.25415	-385.609497	742.350586	-589.568604	1099.66748	-2309.108887	3797.638672
-115.206917	242.7883	-137.041519	273.594666	-163.093796	309.886841	-194.037048	352.499817	-230.494507	402.187683	-272.895111	480.480957	-321.253143	581.295471	-402.771851	782.667542	-709.850342	1272.326172	-2413.040527	4808.948242
-118.642906	247.596252	-140.080414	277.569885	-165.324005	312.416504	-194.891006	352.756348	-229.228226	408.060913	-268.591766	513.960938	-312.871704	649.862549	-402.154297	863.108765	-695.044556	1322.730957	-2368.541504	3739.942139
-120.080482	249.276001	-140.84285	278.016571	-165.042374	311.08783	-193.094315	348.975128	-225.341156	406.281616	-261.949585	497.148773	-302.763794	607.607849	-347.230042	742.042725	-548.510193	1092.856445	-2394.170898	4829.706055
-119.81881	248.438446	-139.795578	275.806824	-162.912552	307.072693	-189.519836	342.639801	-219.896103	382.812378	-254.156677	427.678894	-296.027679	497.970062	-372.835052	608.574707	-559.849915	1040.668457	-2415.183838	3842.352539
-118.083687	245.607788	-137.264633	271.624451	-159.367569	301.218872	-184.701538	334.745728	-213.504578	372.463745	-267.516266	436.086121	-347.144043	525.920044	-448.89563	671.383301	-634.580994	1191.32666	-2375.635254	4834.886719
-114.947517	241.112854	-133.355759	265.864014	-154.545609	293.978943	-178.804306	325.78656	-206.346344	361.52002	-237.233368	418.122314	-303.112335	521.701904	-403.459839	666.517944	-625.09967	1045.821045	-2446.731689	3796.76416
-110.280434	235.033417	-127.900505	258.582336	-148.236343	285.376831	-171.577408	322.874756	-198.138138	376.606995	-227.978333	437.658813	-260.908905	505.751556	-296.606049	601.796509	-511.371368	1082.743652	-2362.341064	4837.575195
-108.298279	231.747162	-120.398628	249.446442	-139.779938	279.962494	-162.197372	325.600616	-187.913193	377.757935	-217.035675	436.535706	-249.418945	501.525757	-312.422394	599.740234	-560.615967	1020.564697	-2467.531494	3860.917969
-107.309402	229.683533	-114.277306	242.005188	-128.008316	268.464111	-149.065002	311.283569	-173.615646	360.613281	-201.951553	416.865784	-234.135559	509.264801	-352.107361	719.500732	-594.925232	1174.43811	-2353.062012	4837.567383
-106.60775	228.220947	-113.409729	240.214722	-120.657562	253.108124	-129.905807	281.222595	-151.76091	347.306702	-177.765396	430.067505	-220.566498	544.674255	-351.37088	764.841919	-591.784058	1123.315674	-2482.586182	3818.932129
-106.244339	227.463898	-112.963776	239.294632	-120.121521	252.010254	-127.747292	272.490417	-135.851013	315.482483	-147.700989	370.189758	-172.403275	447.823425	-278.417145	621.639648	-496.922089	1077.687378	-2346.727051	4834.408203
-106.244339	227.463898	-112.963776	239.294632	-120.121521	252.010254	-144.743118	282.673004	-179.631485	324.102234	-222.488785	373.979675	-275.420166	439.011993	-343.222473	568.781921	-580.76532	1032.466431	-2487.681396	3872.089844
-106.60775	228.220947	-113.54142	240.34642	-129.804733	262.25531	-151.316788	289.903625	-195.545792	340.776276	-252.302124	417.630188	-324.107758	522.537659	-413.471069	650.966187	-591.784058	1166.388062	-2340.291016	4822.876953
-107.309402	229.683533	-121.475883	249.203766	-140.45578	274.006226	-162.218567	302.097839	-186.997635	338.981201	-214.914246	397.900696	-275.129242	493.497467	-367.393402	625.370728	-594.925232	984.386841	-2484.505615	3809.398438
-108.298279	231.747162	-120.398628	249.446442	-140.182556	275.322571	-163.403244	305.167053	-189.844757	344.295959	-219.500015	406.541321	-252.106796	476.093018	-287.317871	599.740234	-504.404877	1065.020874	-2332.004639	4799.536133
-110.280434	235.033417	-127.900505	258.582336	-148.236343	285.376831	-171.577408	315.745972	-198.138138	349.921936	-227.978333	406.7276	-260.908905	478.794006	-305.19043	567.252441	-571.372314	1026.312988	-2475.234375	3867.915039
-114.947517	241.112854	-133.355759	265.864014	-154.545609	293.978943	-178.804306	325.78656	-206.346344	376.503967	-237.233368	464.297974	-271.273743	574.386108	-369.20816	772.667969	-625.09967	1165.058105	-2326.792969	4773.524414
-118.083687	245.607788	-137.264633	271.624451	-159.367569	301.218872	-184.701538	343.333527	-213.504578	419.420471	-245.859116	513.375366	-281.580109	628.724121	-370.778961	819.674561	-634.580994	1217.762695	-2459.251465	3772.037354
-119.81881	248.438446	-139.795578	275.806824	-162.912552	307.072693	-189.519836	342.639801	-219.896103	409.2276	-254.156677	490.81665	-292.126495	588.154175	-333.316437	706.151489	-535.141296	1094.991211	-2321.272705	4736.456543
-120.080482	249.276001	-140.84285	278.016571	-165.042374	311.08783	-193.094315	348.975128	-225.341156	392.059082	-261.949585	440.484222	-304.844055	496.69574	-394.812714	616.140442	-548.510193	1015.356689	-2435.5354	3858.380859
-118.642906	247.596252	-140.080414	277.569885	-165.324005	312.416504	-194.891006	352.756348	-229.228226	399.103912	-268.591766	451.712677	-336.990845	550.925171	-460.954437	728.817749	-695.044556	1167.469604	-2313.664063	4682.205566
-115.206917	242.7883	-137.041519	273.594666	-163.093796	309.886841	-194.037048	353.730438	-230.494507	424.303253	-272.895111	508.0625	-321.253143	605.899658	-402.771851	745.328735	-709.850342	1120.035645	-2413.040527	3704.694336
-109.504837	234.306564	-131.231689	265.191162	-157.553604	315.107178	-189.360535	378.721069	-227.558258	455.116516	-272.906647	545.813293	-325.739288	651.478516	-385.609497	771.218994	-589.568604	1179.137207	-2309.108643	4618.217773
-104.104874	224.826965	-122.321716	265.837372	-147.998993	318.921082	-179.606445	383.458618	-218.428864	461.723358	-265.779053	555.9823	-322.702637	667.961365	-389.467651	797.935913	-608.082764	1088.182739	-2443.258057	3273.763184
-98.112846	222.82402	-110.387886	257.211151	-134.191528	307.390259	-163.941956	368.70639	-201.257782	443.93573	-248.110962	536.485779	-306.734192	650.298645	-442.364777	923.794189	-796.06134	1494.857666	-1797.571533	3133.438477
-94.069359	216.877075	-104.114166	246.944931	-116.74218	283.112152	-142.692749	336.899109	-175.554321	402.978455	-217.548645	498.245514	-271.836517	662.3797	-440.2995	987.527588	-814.347473	1586.059814	-2480.523926	3705.732422
-106.832779	223.4702	-120.444527	254.079346	-135.412918	288.498474	-151.715576	327.119171	-177.428238	378.754028	-222.737503	489.603333	-275.387787	630.050659	-344.81189	818.285706	-664.911682	1309.463623	-1677.536011	3310.066162
-118.844666	227.604416	-135.526291	257.603149	-154.415634	290.962158	-175.840775	327.924713	-200.264603	368.741669	-249.548859	456.792542	-331.058777	586.458252	-443.02533	787.90564	-747.122437	1276.758789	-2304.816162	4767.4375
-125.957077	234.843811	-145.739548	261.523438	-168.744385	292.586853	-195.627396	329.017578	-227.309616	372.215393	-268.832336	462.393921	-372.038727	651.104614	-519.806396	932.410461	-732.689636	1359.636597	-1561.307251	2966.80835
-128.842392	245.387115	-150.816422	275.440765	-176.716309	310.810364	-207.304077	352.609314	-243.5177	402.236816	-286.514587	485.873077	-337.678345	625.259155	-464.826324	886.585693	-669.310425	1296.986084	-2368.657227	4796.231445
-125.752296	248.626801	-148.526291	280.176147	-175.543381	317.375702	-207.516815	361.210754	-245.175735	412.709412	-289.161713	499.664368	-339.833191	617.139038	-396.979828	801.87561	-523.57312	1230.321411	-1485.547363	3177.730469
-115.206902	242.788284	-137.041504	273.594635	-163.093781	309.886841	-194.037048	352.499786	-230.494507	402.187683	-272.895142	480.480988	-321.253143	581.295532	-402.771881	782.667603	-709.850403	1272.326172	-2413.040527	4808.948242
-112.716766	243.3293	-123.298813	262.675079	-137.870178	287.069489	-165.150787	325.304016	-197.755157	370.013367	-236.411652	425.07196	-281.639709	518.510254	-333.508942	682.858337	-481.523743	1005.540283	-1450.247192	3759.355957
-114.377953	246.501038	-124.484428	264.899628	-140.820114	290.375427	-166.907715	326.467285	-197.600601	367.993164	-233.438477	459.271912	-274.777893	586.470459	-321.632965	749.740845	-546.190247	1132.005859	-2449.19165	4825.366699
-114.819023	247.216217	-124.317657	264.405029	-141.307953	289.754242	-166.036835	323.499023	-194.814758	363.917664	-228.077164	447.777954	-266.099701	550.738892	-308.901276	696.611389	-454.028717	1125.867432	-1388.23999	3762.348389
-114.365311	246.133102	-123.224358	262.05014	-139.970871	286.385254	-163.385193	317.895935	-190.436478	353.491058	-221.496094	393.431366	-273.414459	462.096954	-398.316711	642.009705	-667.428589	1157.822144	-2475.847656	4839.226563
-113.332054	243.890045	-121.583969	258.601257	-137.249588	281.155975	-159.496582	310.69635	-194.314041	353.153748	-250.963394	417.689087	-324.180176	531.949585	-417.902985	716.380554	-543.413635	1056.206543	-1427.327148	3844.475342
-111.996315	241.049194	-119.709923	254.692596	-133.332458	274.603699	-154.595261	302.489197	-179.014664	333.812195	-216.298965	390.499512	-286.431091	501.955261	-378.639587	683.393433	-580.992798	1062.611572	-2488.02124	4837.575195
-110.582542	238.067108	-117.843552	250.813858	-128.084015	266.849915	-148.518158	297.871338	-172.031067	346.627441	-198.902328	401.972046	-229.276993	472.207275	-263.276154	648.552124	-404.902771	1046.180664	-1331.675293	3785.232666
-109.265358	235.299957	-116.165741	247.33316	-123.344543	263.591919	-140.588898	302.670349	-163.347626	349.808289	-189.541855	402.773651	-249.493607	491.536163	-388.931702	680.174866	-637.276367	1111.537231	-2498.987061	4844.075195
-108.174065	233.012299	-114.806351	244.51561	-121.69397	262.634155	-129.400681	290.741516	-151.17363	335.267151	-176.686813	385.855103	-206.257401	460.477783	-249.042328	588.44873	-479.893585	1046.991455	-1413.358032	3890.200684
-107.399353	231.390137	-113.854561	242.543762	-120.551155	254.181091	-127.462105	275.353424	-134.538132	316.746338	-155.845963	390.066589	-184.309814	484.221222	-224.453827	606.185364	-589.067505	1081.170898	-2497.494629	4834.408691
-106.998329	230.550903	-113.365593	241.530945	-119.96772	252.982178	-126.778198	264.860168	-133.748688	301.052551	-140.802704	347.161774	-150.65715	405.379547	-180.752029	564.656067	-374.301331	1002.536743	-1304.522583	3797.750977
-106.998329	230.550903	-113.365593	241.530945	-119.96772	252.982178	-135.477798	273.559753	-167.303879	310.631592	-206.35907	355.041931	-254.722397	408.779358	-383.904022	587.764465	-628.235413	1089.620239	-2493.228271	4827.216797
-107.399353	231.390137	-114.911613	243.6008	-130.40918	264.039124	-147.891327	286.685974	-182.208206	326.350464	-234.220612	383.823212	-299.911407	481.183899	-381.731537	644.643982	-492.103424	1081.170898	-1405.269043	3902.763672
-108.174065	233.012299	-122.812798	252.522064	-140.940201	275.775726	-161.340836	301.538513	-184.093506	329.846497	-209.168289	368.677612	-254.220383	452.661407	-339.406403	621.08728	-567.097839	1046.991455	-2476.842773	4803.870117
-109.265358	235.299957	-120.945473	252.112885	-140.24736	276.824402	-162.081467	304.323975	-186.460663	334.579346	-213.231796	376.176575	-242.042557	491.536163	-272.618134	661.549805	-355.865723	993.14209	-1291.683716	3790.670898
-110.582542	238.067108	-117.843552	250.813858	-128.084015	266.849915	-149.353165	294.201691	-174.596375	325.765747	-203.069702	360.715149	-242.930267	455.535858	-385.276001	684.304565	-641.277832	1090.492798	-2453.557373	4775.692871
-111.996315	241.049194	-119.709923	254.692596	-133.332458	274.603699	-154.595261	302.489197	-179.014664	342.54834	-206.885223	423.184204	-238.369217	524.800293	-273.560272	652.199829	-465.987061	1046.979858	-1401.256104	3889.277344
-113.332054	243.890045	-121.583969	258.601257	-137.249588	281.155975	-159.496582	310.69635	-185.087372	379.401428	-214.348373	465.311768	-247.469742	571.649902	-284.516388	702.419373	-512.792969	1056.206543	-2417.148193	4732.123047
-114.365311	246.133102	-123.224358	262.05014	-139.970871	286.385254	-163.385193	317.895935	-190.436478	366.224854	-221.496094	440.384033	-256.790619	530.205078	-296.360718	694.677429	-343.790802	1011.21936	-1288.221313	3764.068848
-114.819023	247.216217	-124.317657	264.405029	-141.307953	289.754242	-166.036835	323.499023	-194.814758	361.893646	-228.077164	405.256012	-284.639221	472.209839	-387.710114	615.160034	-671.838684	1108.255737	-2374.108398	4688.713379
-114.377953	246.501038	-124.484428	264.899628	-140.820114	290.375427	-166.907715	326.467285	-197.600601	367.993164	-233.438477	415.382385	-311.692535	524.956299	-428.10791	732.05249	-585.815613	1132.005859	-1453.599487	3902.791016
-112.716766	243.3293	-123.298805	262.675079	-137.870178	287.069489	-165.150772	330.301575	-197.755157	395.510315	-236.411652	472.823303	-281.639709	563.279419	-349.349335	698.69873	-524.016541	1048.033081	-2309.108887	4618.217773
-109.557922	237.139313	-120.349625	257.391113	-132.435699	295.52948	-159.69339	353.730438	-193.808731	424.303223	-235.167404	508.062561	-284.646515	605.899658	-342.556885	745.328735	-410.185272	1120.035645	-1295.083252	3708.123779
-104.75177	230.504059	-115.346237	263.872528	-127.377373	302.920746	-149.469299	356.986115	-184.001724	429.17746	-227.137329	516.299072	-280.498047	620.331238	-381.58606	786.481812	-706.748291	1304.692871	-1692.183105	3074.185547
-98.355164	227.197556	-108.250648	259.067078	-119.56868	296.284973	-133.905518	341.209595	-166.823563	410.341248	-209.355591	495.870178	-264.343292	602.021606	-334.731567	799.557861	-575.443848	1244.754272	-1579.251465	4006.825439
-96.204544	222.161621	-106.038902	251.778442	-116.059364	284.803741	-125.843246	321.470642	-142.135986	369.445618	-179.933075	448.765411	-230.806595	602.845337	-300.384399	820.190796	-521.390503	1254.080078	-1561.307251	3034.722412
-108.75975	227.604416	-122.076851	257.603149	-136.546539	290.962158	-152.083939	327.924713	-168.477066	368.741669	-207.243668	456.792542	-255.399475	586.458252	-306.682678	749.708008	-428.298035	1175.42041	-1327.692993	3790.314453
-119.509468	228.779785	-135.676224	257.798584	-153.825348	289.768494	-174.230667	324.84317	-197.297073	363.185059	-223.710388	412.992096	-286.322968	544.633484	-399.378418	759.891235	-741.564697	1265.321045	-2384.832031	3868.573242
-127.29052	236.839844	-146.545837	262.648193	-168.737015	292.4216	-194.434372	327.020447	-224.458527	391.617371	-260.089905	489.826874	-330.855164	652.004822	-465.673584	922.527344	-668.277832	1329.741455	-2517.586182	4779.146484
-130.910568	248.377136	-152.367783	277.541931	-177.404129	311.516235	-206.664185	351.245667	-240.946335	423.287842	-281.248291	532.633179	-328.778625	678.636108	-427.510223	916.822937	-621.105225	1305.413574	-2373.193848	3821.810059
-128.551987	252.594971	-150.849182	283.26532	-176.995804	319.008423	-207.562866	360.609802	-243.115738	428.659729	-284.127045	538.964111	-330.814911	682.139282	-382.929291	866.599365	-555.228638	1239.077637	-2478.737061	4804.970215
-118.642914	247.596252	-140.080399	277.569855	-165.32402	312.416565	-194.890991	352.756348	-229.228226	408.060883	-268.591797	513.960938	-312.871704	649.862549	-402.154297	863.108704	-695.044617	1322.731079	-2368.541504	3739.942139
-114.377953	246.501007	-124.484421	264.899597	-140.820099	290.375397	-166.907684	326.467255	-197.600601	367.993164	-233.438477	459.271912	-274.777924	586.47052	-321.632996	749.740906	-546.190308	1132.005859	-2449.191406	4825.366211
-113.75663	247.452454	-123.526268	265.005188	-133.966248	283.861206	-145.029022	303.938721	-156.618256	325.058716	-173.961914	367.763672	-209.124847	479.932159	-253.391129	631.481201	-478.819092	1008.127502	-2369.233154	3729.565918
-114.208755	248.165924	-123.335968	264.437439	-132.950073	281.650269	-142.981613	299.678284	-153.321121	318.315918	-170.769745	363.010193	-203.209427	453.882874	-243.880692	621.955811	-536.948486	1189.205322	-2425.559082	4836.422363
-113.711426	246.964417	-122.166573	261.897888	-130.969574	277.499237	-140.045502	293.631165	-151.904465	312.710022	-188.471695	356.531921	-248.599716	441.209869	-392.343323	655.528503	-647.838623	1029.349365	-2408.03833	3713.753418
-112.595238	244.519958	-120.414742	258.189941	-128.482559	272.33313	-136.726135	286.81665	-170.739075	327.148102	-219.6884	402.378265	-284.236023	531.267395	-369.555389	705.146057	-528.489075	1076.836304	-2412.471924	4851.449219
-111.153336	241.429733	-118.410576	253.983978	-125.847466	266.878113	-133.396469	279.988831	-146.506744	298.688171	-192.741318	391.571594	-255.044937	519.749207	-338.908447	690.211914	-539.829102	1011.530762	-2435.811035	3806.922852
-109.627449	238.187683	-116.413345	249.808212	-123.332764	261.67981	-130.323502	275.361084	-137.304764	305.588593	-150.093384	351.401306	-176.199936	441.55719	-208.863068	586.133179	-520.841553	1142.878418	-2401.793701	4857.694824
-108.205399	235.178955	-114.616653	246.058502	-121.131134	258.850739	-127.691231	285.62384	-134.222565	314.399841	-163.894348	368.148804	-247.897614	507.442474	-380.84079	720.732727	-616.500854	1068.781982	-2457.036621	3729.607422
-107.027122	232.691437	-113.160553	243.022308	-119.378006	258.11084	-125.62532	283.169739	-131.832748	310.041992	-137.914566	338.558838	-159.290817	408.097473	-252.989365	580.864319	-514.295959	1087.099121	-2396.355713	4863.844727
-106.190384	230.927032	-112.140594	240.896439	-118.163521	251.00174	-124.207344	268.798492	-130.2052	292.710205	-136.075211	339.324585	-143.096512	404.34198	-211.433792	547.197327	-570.627319	1027.708008	-2464.937744	3846.960938
-105.75724	230.01416	-111.616562	239.804398	-117.543449	249.720978	-123.487152	259.672974	-129.382324	274.838409	-135.148972	314.251343	-147.211884	392.030151	-178.71463	554.399109	-508.298706	1116.263306	-2390.535645	4860.960449
-105.75724	230.01416	-111.616562	239.804398	-117.543449	249.720978	-123.487152	259.672974	-145.456085	285.613892	-179.102356	323.125763	-244.818268	416.754395	-375.684479	611.176208	-607.9646	950.561768	-2470.424805	3726.251465
-106.190384	230.927032	-114.048439	242.804291	-128.509766	261.347961	-144.591141	281.533813	-162.505005	303.517822	-203.249374	371.503143	-261.245453	487.562286	-335.76355	639.936523	-502.538574	1073.165894	-2383.503174	4848.440918
-107.027122	232.691437	-121.76902	251.630768	-138.732849	272.865051	-157.544434	295.976868	-178.209229	320.912537	-200.644287	388.546021	-224.6651	473.471741	-298.955322	626.830322	-572.803223	1047.616333	-2467.48877	3865.508301
-108.205399	235.178955	-119.598999	251.040848	-137.719604	273.719818	-157.932617	298.53479	-180.177277	329.738403	-204.25444	401.519257	-229.820862	489.365723	-256.74472	637.58551	-497.089203	1113.590088	-2381.271729	4838.308594
-109.627449	238.187683	-116.413345	249.808212	-124.485237	262.832275	-145.037582	288.403564	-168.283829	320.744751	-194.183945	395.491882	-239.533066	504.89032	-377.270081	725.530518	-622.036804	1085.471802	-2455.901123	3704.070801
-111.153336	241.429733	-118.410576	253.983978	-125.847466	266.878113	-133.396469	279.988831	-140.968689	293.150146	-166.109558	364.939819	-197.658493	462.362732	-234.209366	585.512878	-491.088379	1030.91748	-2373.886719	4809.697754
-112.595238	244.519958	-120.414742	258.189941	-128.482559	272.33313	-136.726135	286.81665	-145.047287	315.786377	-161.319901	381.008301	-189.726105	473.962128	-225.249603	594.804993	-548.347229	1040.730957	-2438.977539	3859.437988
-113.711426	246.964417	-122.166573	261.897888	-130.969574	277.499237	-140.045502	293.631165	-149.287781	310.093323	-166.357605	354.829285	-196.554382	445.154114	-234.345062	626.688354	-485.025299	1132.863892	-2370.350586	4778.388672
-114.208755	248.165924	-123.335968	264.437439	-132.950073	281.650269	-142.981613	299.678284	-153.321121	318.315918	-192.240448	365.692566	-250.673431	450.825562	-378.075134	659.220093	-652.256836	1060.734863	-2425.559082	3673.45166
-113.756622	247.452438	-123.526268	265.005188	-133.966248	283.861206	-145.029022	303.938721	-156.618256	325.058716	-193.801743	387.603516	-270.807312	541.614624	-378.090057	756.180054	-529.308411	1058.616821	-2369.233154	4738.466309
-112.019272	244.142334	-122.298706	262.713867	-133.468323	283.023621	-145.530746	312.438416	-158.436447	356.037048	-174.925537	408.364014	-213.263824	524.956421	-303.94458	732.05249	-546.190308	1132.005859	-2449.191406	3902.790527
-108.719902	237.673248	-119.240944	259.32135	-130.875656	296.199677	-143.713165	338.604156	-157.806778	387.035004	-173.138855	441.730652	-213.934326	550.925171	-267.863281	728.817688	-472.425049	1167.469727	-2368.541504	4682.205566
-103.721802	232.273788	-114.074211	264.923401	-125.700859	302.696655	-138.802368	346.365234	-153.595978	396.711731	-170.288147	454.415192	-208.464966	559.789307	-366.815063	850.485168	-683.848999	1346.931396	-2478.737061	3552.251953
-97.104309	228.014877	-106.782372	259.150146	-117.745171	295.149292	-130.280075	336.944275	-144.771988	385.718323	-161.733795	442.982086	-192.95813	542.815674	-257.487915	746.800659	-466.168304	1150.476685	-2373.193848	3821.810059
-96.95401	224.244537	-106.401329	252.947174	-115.882797	284.619812	-124.954247	319.388611	-132.884171	357.342712	-146.198029	406.287933	-164.959091	495.81427	-226.500748	692.174316	-563.136536	1231.414307	-2517.586182	4042.026855
-109.270317	228.779785	-122.122353	257.798584	-135.943161	289.768494	-150.612503	324.84317	-165.888	363.185059	-181.292892	405.003296	-220.273636	506.596619	-301.537079	700.915527	-459.956299	1201.520996	-2384.832031	4133.612793
-118.838089	227.383698	-134.405197	255.266632	-151.774292	285.777161	-171.18837	319.022095	-193.02124	355.124084	-217.926041	394.263672	-247.198074	457.378723	-313.621399	656.836609	-583.976563	1202.086426	-2277.284424	4776.978516
-127.057091	236.571548	-145.651001	261.316071	-166.941223	289.674683	-191.444412	322.431458	-219.920151	375.457397	-253.573975	457.340698	-294.445618	565.330933	-351.11438	784.047424	-512.845032	1296.680054	-1435.788086	3829.041748
-131.198715	248.739075	-151.950272	276.743347	-175.981491	309.120361	-203.860306	346.708191	-236.29866	411.451111	-274.196594	504.47995	-318.651367	623.387451	-370.850952	794.745605	-493.297394	1257.258667	-2341.799561	4802.802246
-129.411423	253.625458	-150.991058	283.07019	-176.072083	317.080475	-205.132004	356.313538	-238.637115	422.028015	-276.966187	516.644043	-320.26947	633.505859	-368.307892	778.303467	-422.662811	1023.166748	-755.800964	3135.138184
-120.08049	249.276016	-140.84285	278.016602	-165.042358	311.08783	-193.094299	348.975098	-225.341171	406.281677	-261.949554	497.148743	-302.763794	607.607849	-347.230042	742.042725	-548.510193	1092.856445	-2394.170898	4829.706543
-114.819016	247.216217	-124.317642	264.405029	-141.307968	289.754272	-166.036835	323.499023	-194.814743	363.917664	-228.077164	447.777924	-266.099701	550.738892	-308.901245	696.611328	-454.028717	1125.867432	-1388.240234	3762.348633
-114.208771	248.165955	-123.335968	264.437439	-132.950073	281.650269	-142.981598	299.678284	-153.321106	318.315918	-170.769745	363.010193	-203.209427	453.882874	-243.880676	621.955811	-536.948486	1189.205322	-2425.559326	4836.422852
-111.681374	245.843536	-120.343353	260.981506	-129.344162	276.739075	-138.594238	292.952789	-147.972626	309.397583	-157.326004	325.78418	-166.475296	358.769592	-175.323547	465.642303	-191.529419	718.477722	-379.466736	2745.450684
-111.130356	244.493973	-119.100052	258.25061	-127.274742	272.365631	-135.563492	286.672729	-143.852386	300.960205	-152.005508	314.9729	-193.857697	365.937317	-301.40448	578.316406	-558.225159	1076.836426	-2452.061035	4851.449219
-109.940269	241.854095	-117.258652	254.314178	-124.688614	266.952087	-132.14473	279.612	-139.524536	292.104706	-167.994598	330.423157	-213.785126	430.818542	-276.917694	625.336182	-427.096466	1016.974487	-1348.247314	3758.187012
-108.414024	238.544983	-115.158707	249.865677	-121.952499	261.244904	-128.717545	272.541626	-135.36293	283.58902	-150.086731	330.623749	-195.154572	423.530243	-257.895538	599.005005	-572.97052	1149.79248	-2467.278564	4857.694336
-106.802139	235.082184	-113.067413	245.452942	-119.341354	255.806259	-125.553391	266.015259	-131.622299	292.520935	-137.458267	322.465363	-142.978439	374.220032	-148.307541	440.172546	-236.308945	779.723572	-684.15155	3126.7771
-105.301201	231.872009	-111.186508	241.491501	-117.055031	251.046692	-122.842194	275.01474	-128.474258	300.942078	-133.870529	328.093262	-192.04425	418.800842	-293.155853	576.948975	-581.078979	1086.836182	-2475.046875	4859.504883
-104.058266	229.219666	-109.66256	238.284607	-115.234657	249.977173	-120.714455	272.720917	-126.033638	296.805573	-131.117966	322.061371	-142.350388	359.214813	-204.566467	529.273682	-400.317627	964.189819	-1321.792603	3781.755371
-103.175957	227.339111	-108.595322	236.039673	-113.973846	244.63298	-119.254311	258.888214	-124.371872	280.258667	-129.256439	303.175323	-140.246445	344.282745	-219.27742	541.28833	-582.415649	1124.342285	-2476.368164	4856.620605
-102.719055	226.365814	-108.046753	234.885941	-113.329712	243.292053	-118.512161	251.485931	-123.530952	259.354523	-128.317978	267.20636	-132.821991	322.134644	-137.264069	427.613525	-167.828186	744.615173	-334.569885	2806.075195
-102.719055	226.365814	-108.046753	234.885941	-113.329712	243.292053	-118.512161	251.485931	-126.722397	262.545959	-138.888397	277.345032	-189.312653	347.624878	-290.349457	546.567017	-576.786987	1073.165894	-2471.505371	4848.440918
-103.175957	227.339111	-111.534462	238.978821	-124.90921	255.568344	-139.633911	273.397614	-155.88678	292.593384	-173.918884	328.492249	-194.93103	398.967346	-250.856201	572.867126	-374.066559	956.482178	-1301.407959	3777.776123
-104.770241	229.931641	-119.005295	247.62735	-134.742508	266.765381	-152.00647	287.323792	-170.771942	309.222717	-190.943405	364.085938	-212.358078	429.222504	-235.217133	559.924316	-563.872192	1110.262939	-2459.962891	4833.96875
-105.301201	231.872009	-116.664375	246.96936	-133.541138	267.532776	-152.172546	289.752686	-172.467804	318.190735	-194.222717	376.250427	-217.130692	443.887268	-241.211716	534.367554	-273.098602	854.177612	-651.585144	3126.63208
-106.802139	235.082184	-113.067413	245.452942	-120.380081	256.844971	-139.481445	279.943298	-160.898621	308.577515	-184.561096	369.568176	-210.242081	441.483673	-291.86499	582.172852	-543.414612	1031.31189	-2442.625488	4816.205078
-108.414024	238.544983	-115.158707	249.865677	-121.952499	261.244904	-128.717545	272.541626	-135.36293	283.58902	-157.801208	338.338226	-186.902847	415.278503	-220.495056	561.604492	-343.623352	920.445374	-1280.075928	3747.354492
-109.940269	241.854095	-117.258652	254.314178	-124.688614	266.952087	-132.14473	279.612	-139.524536	292.104706	-146.710281	314.704895	-155.80307	372.836487	-190.535767	538.954224	-514.761353	1104.639404	-2409.939697	4778.388672
-111.130356	244.493973	-119.100052	258.25061	-127.274742	272.365631	-135.563492	286.672729	-143.852386	300.960205	-152.005508	314.9729	-159.874695	353.732391	-177.174835	478.579315	-215.724014	773.949158	-373.80481	2825.865723
-111.681374	245.843536	-120.343353	260.981506	-129.344162	276.739075	-138.594238	292.952789	-147.972626	309.397583	-157.325989	325.78418	-192.294281	384.588562	-290.318726	580.637451	-526.948303	1053.896606	-2365.983887	4731.967773
-111.25605	245.213226	-120.585854	261.687347	-130.434814	279.13501	-140.730362	297.427063	-151.359009	316.353821	-162.160172	354.400635	-200.15213	450.825562	-281.144989	659.220154	-408.478088	1060.734985	-1257.226685	3682.786133
-109.516823	241.914032	-119.387886	259.47525	-129.998901	278.44519	-141.322021	307.358856	-153.283279	348.098022	-165.746475	393.823639	-178.500717	463.139954	-227.449936	615.160034	-436.417053	1108.255859	-2314.60498	4688.713379
-106.188858	235.384384	-116.339043	257.181885	-127.459854	292.502197	-139.605331	332.699646	-152.795654	378.136841	-168.491821	430.441376	-191.851685	496.69574	-209.73288	604.545532	-270.557281	819.067505	-620.085815	3055.621582
-101.143028	230.554443	-111.167007	262.158081	-122.337372	298.409454	-134.817932	339.949951	-150.696396	389.333496	-176.863098	453.829285	-203.001648	523.271118	-275.820068	685.815674	-546.485352	1146.989258	-1513.740356	3893.077637
-94.472466	225.671173	-103.867134	255.817413	-114.441261	290.42276	-126.449211	330.309509	-149.749939	386.048584	-177.41394	451.610535	-206.102661	524.754028	-250.658417	674.553101	-300.831238	1064.79248	-1227.379517	3688.382324
-96.47863	223.535721	-105.458725	251.109726	-114.356186	281.297424	-122.723579	314.167999	-141.232635	361.152771	-168.514648	422.088623	-202.415268	496.860901	-275.060181	707.993225	-336.081512	1119.916504	-405.988922	2799.242676
-108.545601	227.383698	-120.861443	255.266632	-134.002853	285.777161	-147.83371	319.022095	-162.102844	355.124084	-176.337631	394.263672	-189.564255	436.762329	-247.971298	591.186523	-323.42749	941.537415	-468.208771	2967.902832
-116.995583	223.730469	-131.950607	250.457764	-148.579361	279.587402	-167.1091	311.206726	-187.897171	345.423645	-211.576111	382.409058	-240.118774	431.338776	-358.005096	630.803162	-647.4823	1157.2146	-2449.032715	3963.975098
-125.470459	234.462341	-143.368881	258.104614	-163.784103	285.09436	-187.200333	316.169617	-214.338181	352.440094	-246.349548	395.681091	-286.941406	490.381226	-447.760193	750.36853	-787.031799	1252.786865	-2544.912354	4785.661133
-129.965363	246.979431	-149.951279	273.749359	-172.984299	304.550873	-199.583405	340.154175	-230.404053	381.55542	-266.278534	431.024109	-308.219452	504.780548	-443.149872	708.140503	-762.657776	1167.501953	-2427.202148	3745.22168
-128.623322	252.295166	-149.398712	280.40509	-173.399094	312.678009	-201.041855	349.69104	-232.73085	392.02301	-268.786469	443.204346	-309.317902	515.0448	-391.391205	670.718811	-586.092712	1109.273193	-2503.051514	4810.96875
-119.818802	248.438446	-139.795578	275.806824	-162.912552	307.072723	-189.519836	342.639832	-219.896103	382.812378	-254.156677	427.678894	-296.027679	497.970062	-372.835052	608.574707	-559.849915	1040.668457	-2415.183838	3842.352783
-114.365311	246.133087	-123.224342	262.05011	-139.970871	286.385254	-163.385178	317.895905	-190.436478	353.491058	-221.496094	393.431366	-273.41449	462.096985	-398.316711	642.009644	-667.428589	1157.822144	-2475.847412	4839.226563
-113.711426	246.964417	-122.16658	261.897888	-130.969589	277.499268	-140.045502	293.631165	-151.904449	312.709961	-188.471695	356.531921	-248.599747	441.2099	-392.343323	655.528503	-647.838684	1029.349487	-2408.03833	3713.753418
-111.130356	244.493973	-119.100044	258.25058	-127.274742	272.365631	-135.563507	286.672729	-143.852386	300.960205	-152.005524	314.9729	-193.857697	365.937317	-301.40448	578.316406	-558.22522	1076.836426	-2452.061035	4851.449219
-106.781914	239.235718	-114.285683	251.822693	-121.911926	264.56665	-129.567627	277.300201	-137.143341	289.825073	-144.515762	301.916687	-181.419952	343.208191	-286.688049	517.363098	-516.953125	966.174927	-2407.234375	3778.438232
-105.535309	236.417725	-112.383537	247.695831	-119.26651	258.964355	-126.098648	270.070526	-134.957108	283.014893	-166.262177	318.134094	-230.549103	403.11554	-355.763275	589.837891	-581.872986	1122.915039	-2436.299072	4861.100586
-103.95385	232.928741	-110.227234	243.062836	-116.478172	253.081116	-122.62999	262.848267	-148.080109	291.696655	-180.219894	330.086914	-229.969513	406.878357	-350.820618	559.042358	-569.823425	944.710327	-2431.475586	3728.047363
-102.290382	229.294998	-108.08506	238.479431	-113.821465	247.483459	-126.153137	262.909729	-152.033127	305.302856	-183.165253	358.220337	-221.273987	419.852753	-274.53598	545.512146	-543.827637	1101.070923	-2426.546387	4868.550293
-100.744644	225.934402	-106.161163	234.37085	-111.497749	242.589447	-124.732178	270.38739	-149.795288	314.075409	-179.822159	363.936707	-216.48082	421.373352	-275.235992	502.018372	-558.093262	985.512085	-2446.636719	3788.89209
-99.465492	223.160126	-104.60289	231.045929	-109.647797	239.340134	-117.871605	263.451538	-141.841461	304.568848	-170.875519	351.915588	-219.102234	419.48468	-330.685822	551.775879	-538.225403	1105.237793	-2418.904297	4869.658203
-98.558083	221.194519	-103.512138	228.71936	-108.366982	235.995346	-113.068542	246.85347	-125.710602	274.343536	-152.697205	317.728729	-218.68927	402.006775	-328.798462	550.061279	-567.640442	936.686646	-2453.532227	3743.84375
-98.088524	220.177933	-102.951904	227.524506	-107.713135	234.617859	-112.319733	241.369629	-116.71624	247.685974	-120.847672	253.474197	-170.996353	347.905243	-262.800232	531.960083	-533.611389	1104.236816	-2416.43457	4873.033203
-98.088524	220.177933	-102.951904	227.524506	-107.713135	234.617859	-112.319733	241.369629	-120.718613	251.688354	-131.728271	264.354797	-176.90889	310.917969	-269.159821	488.232269	-570.625488	990.658691	-2456.598877	3790.984619
-98.558083	221.194519	-107.893013	233.10025	-120.258301	247.886658	-133.784927	263.6474	-148.632935	280.502594	-165.031525	298.641907	-218.68927	376.697449	-328.798462	542.387817	-533.381531	1101.021973	-2411.781982	4865.314453
-101.802338	225.496979	-115.101501	241.54454	-129.692337	258.737793	-145.579926	277.041626	-162.727371	296.375916	-181.040054	316.602905	-219.102234	361.322754	-330.685822	527.585938	-567.012329	931.326294	-2450.753662	3738.593262
-100.744644	225.934402	-112.722939	240.932617	-128.435745	259.527466	-145.655212	279.446289	-164.280121	300.539734	-184.114532	322.562805	-216.48082	396.363831	-267.083557	542.31958	-525.118469	1083.21167	-2409.972168	4856.608887
-102.290382	229.294998	-108.08506	238.479431	-115.630249	249.292252	-133.433075	270.189667	-153.269745	292.892395	-183.165253	325.368073	-221.273987	365.730469	-274.53598	494.051208	-557.243286	983.968872	-2442.003906	3786.428711
-103.95385	232.928741	-110.227234	243.062836	-116.478172	253.081116	-122.62999	262.848267	-148.080109	291.696655	-180.219894	326.948914	-229.969513	388.563629	-350.820618	567.186646	-569.823425	1111.125977	-2407.899414	4839.375
-105.535309	236.417725	-112.383537	247.695831	-119.26651	258.964355	-126.098648	270.070526	-134.957108	283.014893	-166.262177	318.134094	-230.549103	418.413452	-355.763275	602.159058	-581.872986	939.59436	-2436.299072	3724.707031
-106.781906	239.235718	-114.285675	251.822693	-121.911926	264.56665	-129.567627	277.300201	-137.143341	289.825073	-144.515762	301.916687	-181.419952	362.839905	-286.688049	573.376099	-516.953125	1033.90625	-2407.234375	4814.46875
-107.389755	240.753372	-115.594841	254.745392	-124.050606	269.14151	-132.662796	283.772034	-141.312546	298.420349	-149.857651	312.825043	-193.857697	362.414063	-301.40448	522.153748	-558.22522	1002.807007	-2452.061035	3828.10498
-107.021423	240.274414	-115.910027	255.641357	-125.225128	271.754822	-134.88559	288.471252	-151.904449	312.709961	-188.471695	356.531921	-248.599747	445.154114	-392.343323	642.84082	-647.838684	1132.864014	-2408.03833	4778.388672
-105.342377	237.110153	-114.796936	253.622711	-124.897217	271.311584	-141.351547	304.736725	-175.788376	366.224854	-218.887909	440.384003	-273.41449	530.205078	-398.316711	694.677368	-667.428589	1029.50061	-2475.847412	3764.068604
-102.080757	230.700409	-111.849503	251.645081	-122.498329	285.410889	-151.376816	340.896667	-189.331482	409.2276	-236.659973	490.81665	-296.027679	588.154175	-372.835052	706.151489	-559.849915	1094.991211	-2415.183838	4736.456543
-97.111588	225.734909	-106.798775	256.197479	-121.904312	295.303406	-153.606125	354.64798	-193.607498	426.338348	-244.048004	512.834473	-308.009552	617.327454	-391.391205	745.500244	-586.092712	1052.124146	-2503.051514	3934.534424
-90.530823	220.496185	-99.63887	249.590149	-116.828239	289.812531	-148.116074	347.699463	-188.248062	418.6521	-239.9543	506.232849	-307.293732	615.513184	-443.149872	800.482544	-762.657776	1179.347168	-2427.202148	3302.691406
-94.930748	220.401215	-103.430328	246.79921	-111.772148	275.556244	-135.08461	322.284943	-172.340576	386.678772	-221.255386	467.604919	-286.941406	572.126221	-447.760193	782.043579	-787.031799	1265.060425	-2544.912354	3822.04248
-106.734879	223.730469	-118.507149	250.457764	-131.008041	279.587402	-144.097626	311.206726	-157.526489	345.423645	-186.82933	398.405457	-240.118774	479.525787	-358.005096	653.250366	-647.4823	1214.716919	-2449.032715	4002.14624
-114.062752	217.979584	-128.424881	243.591858	-144.384827	271.479675	-162.165039	301.72998	-182.115295	334.450592	-204.853439	370.024231	-269.93103	486.427612	-370.819244	686.331665	-686.476013	1259.806396	-2256.335205	4785.661133
-122.64846	230.818359	-139.865906	253.401001	-159.482574	279.147949	-181.965088	308.77124	-208.00885	343.343384	-238.724045	402.642517	-320.420563	567.366943	-441.205444	814.026733	-618.382202	1182.878784	-1555.138916	4012.171631
-127.369644	243.483704	-146.597733	269.055481	-168.710983	298.414429	-194.198441	332.288757	-223.677307	371.620331	-262.741241	422.43573	-351.882935	563.954346	-472.145569	800.297058	-635.935425	1201.348877	-2323.242432	4810.968262
-126.385696	249.066162	-146.35643	275.869934	-169.352798	306.54184	-195.754517	341.609497	-225.924393	381.597961	-272.064362	438.863983	-357.597412	560.577332	-468.773132	819.068359	-615.933533	1250.682861	-1431.670044	3863.55957
-118.083694	245.607788	-137.264633	271.624451	-159.367584	301.218872	-184.701538	334.745697	-213.504562	372.463715	-267.516266	436.086121	-347.144012	525.919983	-448.89566	671.383301	-634.580872	1191.326538	-2375.635254	4834.886719
-113.332054	243.890045	-121.583977	258.601257	-137.249588	281.155945	-159.496567	310.69632	-194.314056	353.153809	-250.963409	417.689087	-324.180176	531.949585	-417.902985	716.380554	-543.413635	1056.206665	-1427.327271	3844.475098
-112.595245	244.519958	-120.414734	258.189941	-128.482559	272.33313	-136.72612	286.816589	-170.739044	327.148071	-219.6884	402.378296	-284.236023	531.267395	-369.555359	705.145996	-528.489075	1076.836304	-2412.471924	4851.449219
-109.940262	241.85408	-117.258652	254.314178	-124.688599	266.952026	-132.144714	279.612	-139.524551	292.104736	-167.994614	330.423187	-213.785141	430.818542	-276.917694	625.336182	-427.096466	1016.974487	-1348.247314	3758.187012
-105.535309	236.417725	-112.383537	247.695831	-119.26651	258.964355	-126.098656	270.070526	-134.957092	283.014893	-166.262177	318.134155	-230.549088	403.115509	-355.763275	589.83783	-581.872986	1122.915039	-2436.299072	4861.100586
-99.472679	228.664673	-105.939232	238.906219	-112.42218	249.04895	-118.841057	258.953522	-145.940155	289.300232	-186.689178	339.153809	-240.194183	448.830292	-310.871643	595.219727	-439.514313	956.467407	-1358.92041	3766.154785
-97.875145	225.04599	-103.774765	234.153824	-109.636871	243.06694	-128.98497	265.258911	-162.355576	301.213989	-204.628983	347.18811	-257.834991	443.808411	-324.772217	583.865601	-565.858582	1101.202393	-2452.873047	4870.718262
-96.203445	221.300262	-101.632477	229.471207	-108.066956	238.467468	-134.599319	267.339539	-167.692688	313.525208	-208.77919	374.868042	-259.454102	481.238403	-322.216919	660.713623	-413.667297	966.229614	-1304.422119	3736.480225
-94.65406	217.846603	-99.712227	225.282211	-107.904274	235.660492	-133.824783	272.710083	-165.95697	322.096619	-205.606216	380.042938	-254.239288	447.78714	-339.665344	553.44635	-574.582031	1105.500244	-2460.972168	4873.992188
-93.373802	215.000305	-98.158798	221.896271	-102.842079	228.49472	-127.123306	265.915161	-157.94249	312.56665	-196.264557	367.729553	-243.631042	436.243866	-302.661591	557.853821	-427.512695	988.856506	-1341.090698	3790.963867
-92.466064	212.984894	-97.071846	219.527832	-101.570053	225.765991	-112.54512	240.075439	-140.517654	281.76593	-176.199448	348.110626	-221.728561	439.549622	-280.572144	557.891357	-576.780457	1104.236816	-2462.985352	4873.033203
-91.996399	211.942749	-96.51355	218.311401	-100.920616	224.372543	-105.170357	230.051971	-109.214211	235.274521	-134.660721	287.312317	-169.664566	393.178009	-218.985138	552.207947	-364.21756	936.615356	-1285.108154	3743.440918
-91.996399	211.942749	-96.51355	218.311401	-100.920616	224.372543	-105.384201	230.265808	-120.520332	246.580643	-152.651611	279.61676	-223.513443	379.067932	-333.222809	540.998291	-572.397827	1096.869141	-2458.332764	4865.314453
-92.944435	213.463272	-103.503181	225.959167	-114.99807	239.194016	-127.530319	253.240692	-141.248276	268.219513	-176.199448	318.974915	-221.728561	413.12616	-280.572144	536.011475	-418.75412	995.534546	-1332.819214	3795.804688
-98.015457	219.641968	-110.464806	234.202271	-124.058342	249.710999	-138.791855	266.132721	-157.94249	286.713501	-196.264557	326.179871	-243.631042	415.206085	-302.661591	540.244873	-561.343811	1083.21167	-2449.873291	4856.609375
-94.835419	218.027954	-108.163841	233.733826	-122.858742	250.61496	-138.885315	268.600861	-165.95697	297.368988	-205.606216	360.056274	-254.239288	481.300781	-314.347717	654.013062	-403.301056	977.883057	-1281.177734	3742.149902
-96.203445	221.300262	-101.632477	229.471207	-110.611382	241.011902	-134.599319	267.339539	-167.692688	302.50769	-208.77919	345.362823	-259.454102	397.483215	-338.496704	520.717896	-552.562317	1071.833984	-2432.058105	4837.207031
-97.875145	225.04599	-103.774765	234.153824	-109.636871	243.06694	-128.98497	265.258911	-162.355576	301.213989	-204.628983	361.415649	-257.834991	465.885254	-324.772217	602.491089	-440.773376	1006.631958	-1354.015137	3806.888184
-99.472679	228.664673	-105.939224	238.906219	-112.422173	249.04895	-118.841057	258.953522	-145.94014	291.88031	-186.689178	373.378357	-240.194168	480.388367	-310.871643	621.743286	-516.953125	1033.90625	-2407.234375	4814.46875
-100.747559	231.629974	-107.863274	243.175568	-115.079086	254.776917	-122.30645	266.27832	-129.443192	277.500977	-146.12352	312.385681	-187.864319	418.413391	-246.395737	602.158997	-357.721405	939.59436	-1288.407959	3724.707031
-101.402771	233.316589	-109.217255	246.272781	-117.255592	259.519043	-125.426506	272.893768	-133.617432	286.197632	-167.994614	325.494873	-217.033417	396.427917	-348.418518	596.691406	-589.878052	1104.639404	-2368.449219	4778.388672
-101.107903	233.032623	-109.610023	247.385223	-118.507492	262.358093	-133.454544	283.545044	-170.739044	327.148071	-219.6884	382.380859	-284.236023	499.069733	-369.555359	677.403076	-492.38382	1040.731079	-1420.460327	3859.437988
-99.534409	230.092392	-108.616196	245.633484	-118.309753	262.216125	-150.741272	310.237854	-194.314056	379.401428	-250.963409	465.311768	-324.180176	571.649902	-417.902985	702.419434	-543.413635	1056.206665	-2314.974365	4732.12207
-96.416168	223.940277	-105.838058	243.102692	-122.478355	281.845947	-158.631989	343.333527	-205.915863	419.42041	-267.516266	513.375366	-347.144012	628.724121	-448.89566	819.674683	-583.181702	1217.762573	-1312.786133	3772.037598
-91.626633	218.012329	-101.004074	247.360504	-120.908211	290.261017	-157.931671	353.686188	-207.043854	432.968262	-272.064362	532.206482	-357.597412	656.083984	-468.773132	809.539429	-634.74939	1145.61084	-1577.908447	4009.797852
-85.259483	212.62912	-94.102425	240.700165	-113.071938	281.782928	-148.79866	342.997101	-197.118408	420.795715	-262.741241	520.669373	-351.882935	649.775696	-472.145569	823.974792	-635.935425	1201.348877	-1547.66748	4035.393311
-92.408768	215.05722	-100.449379	240.315277	-108.298653	267.781219	-131.660416	313.625488	-175.200119	383.208984	-235.579865	474.303894	-320.420563	610.902283	-441.205444	853.247437	-618.382202	1212.856201	-1555.138916	4012.171631
-103.916824	217.979584	-115.166985	243.591858	-127.094864	271.479675	-139.564941	301.72998	-152.335297	334.450592	-190.543289	395.396729	-256.430176	526.361206	-350.450989	721.270264	-496.581482	1183.057495	-1360.939941	3890.266113
-110.01342	210.09259	-123.793953	234.617538	-139.147339	261.386749	-156.303085	290.507385	-175.6138	323.894043	-223.70874	405.750793	-292.312408	512.407898	-384.537231	660.223816	-682.190063	1167.745361	-2493.949707	3943.210449
-118.577339	225.784607	-135.127304	247.366623	-154.019547	272.007751	-175.718033	300.41156	-200.906723	335.693024	-233.413528	399.670135	-319.789703	538.825012	-440.987305	780.264038	-614.719788	1156.733276	-2561.953125	4784.521484
-123.421707	238.454407	-141.90947	262.89682	-163.190414	290.973419	-187.741257	323.391541	-216.157623	362.457275	-249.182999	429.561279	-298.982208	522.599243	-417.144104	731.618896	-583.937744	1080.294067	-2465.187988	3943.312012
-122.739281	244.205078	-141.92691	269.781494	-164.01741	299.032959	-189.371964	332.460876	-218.330124	370.558136	-251.144669	435.194061	-308.672302	533.779358	-418.339844	758.87616	-589.233337	1209.28418	-2520.50415	4816.266602
-114.947517	241.112854	-133.355759	265.864014	-154.545593	293.978943	-178.804306	325.78656	-206.346329	361.52002	-237.233368	418.122314	-303.112366	521.701904	-403.459839	666.518005	-625.099731	1045.821045	-2446.731445	3796.763672
-111.996315	241.049194	-119.709908	254.692566	-133.332458	274.603699	-154.595261	302.489197	-179.014648	333.812195	-216.298965	390.499512	-286.431061	501.955231	-378.639557	683.393433	-580.992798	1062.611572	-2488.02124	4837.575195
-111.153336	241.429733	-118.410568	253.983963	-125.847466	266.878082	-133.396484	279.988831	-146.506744	298.688171	-192.741318	391.571594	-255.044952	519.749207	-338.908447	690.211914	-539.829163	1011.530884	-2435.811035	3806.922852
-108.414017	238.544968	-115.158707	249.865677	-121.952492	261.244873	-128.71756	272.541626	-135.36293	283.58905	-150.086746	330.623779	-195.154572	423.530243	-257.895538	599.005005	-572.970581	1149.792725	-2467.278809	4857.694824
-103.953857	232.928741	-110.227219	243.062805	-116.47818	253.081116	-122.62999	262.848267	-148.080109	291.696655	-180.21991	330.086945	-229.969528	406.878357	-350.820587	559.042358	-569.823425	944.710327	-2431.47583	3728.047363
-97.875145	225.04599	-103.774757	234.153809	-109.636864	243.066925	-128.98497	265.258911	-162.355576	301.213989	-204.628983	347.18811	-257.834991	443.808411	-324.772217	583.865601	-565.858643	1101.202393	-2452.873047	4870.718262
-90.134224	215.182037	-95.7733	223.468414	-101.415352	231.564423	-106.996552	239.365417	-134.480499	268.794037	-173.970261	309.914978	-225.143234	396.123901	-291.293091	532.616333	-543.215515	941.592773	-2428.559326	3745.936279
-88.509468	211.394592	-93.693634	218.767151	-98.847359	225.897827	-109.862892	238.645905	-139.979736	278.686462	-178.454956	336.220337	-227.263809	445.881531	-289.372009	621.134644	-560.040283	1112.586182	-2443.682129	4879.307617
-87.007393	207.913788	-91.833496	214.571198	-96.608994	220.959122	-109.932671	241.984009	-139.229614	287.459839	-176.381729	341.733002	-224.86615	408.083435	-333.124664	535.387695	-558.078003	906.209839	-2441.717041	3712.23877
-85.768425	205.051163	-90.331139	211.18515	-94.8															
